list(alpha=c(2.57218E-01, 2.65490E-01, -4.48186E-02, 5.87149E-02, 1.69695E+00, -1.22972E+00), delta=c(1.22293E+00, 8.07501E-01, 5.71375E-01, -6.38610E-01, -7.80353E-01, 1.33683E-01), mu.delta=4.57662E-02, sigma.delta=6.49300E-01, gamma=c(1.84180E-01, 1.69064E-01, 1.73187E+00, 1.14405E+00, 6.33296E-01, 1.40724E-01, 8.14752E-01, 4.36090E-01, 2.50605E-01), mu.gamma=-8.89640E-01, sigma.gamma=3.22380E-01, c.inf=-4.11619E-01)
