list(alpha=c(-5.65638E-01, 1.59017E+00, 8.71960E-01, 8.34793E-01, 1.60007E+00, 2.68832E-01), delta=c(-4.77422E-01, -1.12647E+00, 1.22754E+00, 3.94161E-01, 1.48987E-01, -1.11995E+00), mu.delta=-8.23664E-01, sigma.delta=6.72030E-01, gamma=c(2.00242E+00, 1.35602E+00, -9.01793E-01, -6.31490E-01, 6.87994E-01, -1.55785E-01, 7.85032E-01, -7.16322E-01, 5.10202E-01), mu.gamma=7.13462E-01, sigma.gamma=5.96092E-01, c.inf=-6.68503E-01)
